   489.670    26.150     2.000     1.000    93.610     0.094     0.000    16.000     0.000     1.000     2.000   2
   486.330    27.430     0.000     3.000    91.870     2.208     1.000    14.000     0.000     1.000     2.000   3
   489.000    26.720     1.000     6.000    82.490     2.494     0.000    15.000     0.019     0.981     2.000   5
   360.000    28.250     1.000    15.000    80.000         *     1.000    17.000     0.986     0.014     1.000   7
         *         *     2.000     8.000         *         *     0.000    18.000     0.264     0.736     2.000   9
   392.000    27.580     2.000     4.000    73.400     1.264     1.000    16.000     1.000     0.000     1.000  13
         *         *     2.000     3.000         *         *     0.000    15.000     0.114     0.886     2.000  15
   531.440    27.920     0.000     2.000    97.150     4.711     1.000    13.000     0.000     1.000     2.000  18
   479.250    28.580     2.000     6.000    91.950     5.017     1.000    14.000     0.000     1.000     2.000  19
   543.140    26.440         *         *    91.190     2.100     1.000    14.000     0.000     1.000     2.000  20
   493.750    28.100     1.000     3.000    94.430     1.000     1.000    17.000     0.000     1.000     2.000  21
   461.110    27.860     2.000    16.000    87.990     2.199     0.000    14.000     0.002     0.998     2.000  22
   527.800    27.070         *     0.000    82.720         *     0.000    12.000     0.004     0.996     2.000  23
   505.120    26.590     1.000     0.000    93.460     0.889     1.000    15.000     0.000     1.000     2.000  24
   470.710    26.820     1.000     0.000    89.180     0.750     1.000    14.000     0.000     1.000     2.000  25
   291.430    27.600     1.000    13.000    54.740     0.667     1.000    16.000     1.000     0.000     1.000  26
         *         *     1.000    13.000         *         *     1.000    16.000     0.118     0.882     2.000  27
   575.000    27.570     2.000    10.000    99.650     5.146     1.000    13.000     0.000     1.000     2.000  28
   521.430    27.500         *         *    94.290     1.133     0.000    14.000     0.000     1.000     2.000  30
         *         *     1.000    10.000         *         *     0.000    16.000     0.100     0.900     2.000  33
   386.430    27.070     1.000     3.000    72.510     1.867     1.000    16.000     1.000     0.000     1.000  35
         *         *     1.000     8.000         *         *     0.000    15.000     0.072     0.928     2.000  37
         *         *     1.000     4.000         *         *     0.000    18.000     0.112     0.888     2.000  39
   526.830    29.150     1.000    19.000    93.140     2.283     1.000    18.000     0.000     1.000     2.000  40
   493.220    27.300     1.000     0.000    89.190     1.450     0.000    13.000     0.000     1.000     2.000  42
   498.330    26.000     2.000     6.000    92.230     1.200     1.000    12.000     0.000     1.000     2.000  43
   561.670    26.970     0.000     6.000    96.360     1.717     1.000    12.000     0.000     1.000     2.000  44
   387.500    27.710     2.000     7.000    73.830     2.300     0.000    15.000     1.000     0.000     1.000  45
   406.670    27.040     1.000    10.000    97.990         *     1.000    15.000     0.000     1.000     2.000  47
   366.430    28.460     1.000     7.000    88.700     2.475     0.000    17.000     0.009     0.991     2.000  48
   469.000    27.210     1.000     4.000    88.440     2.978     0.000    15.000     0.000     1.000     2.000  49
   467.860    27.610     2.000    15.000    89.020     1.925     1.000    16.000     0.001     0.999     2.000  51
   579.250    27.710     3.000     6.000    94.420     2.317     0.000    13.000     0.000     1.000     2.000  52
   465.000    27.410     1.000     8.000    95.740     1.501     1.000    16.000     0.000     1.000     2.000  53
   462.780    27.140     2.000     1.000    92.180     0.536     0.000    12.000     0.000     1.000     2.000  55
   447.860    30.230     2.000     0.000    67.690     0.950     0.000    16.000     1.000     0.000     1.000  57
   405.000    27.130     2.000     3.000    73.920     2.030     1.000    13.000     0.999     0.001     1.000  58
   577.500    26.880     2.000     7.000    88.500         *     0.000    12.000     0.000     1.000     2.000  59
         *         *     2.000     7.000         *         *     1.000    15.000     0.142     0.858     2.000  60
   414.120    28.380     1.000    10.000    93.660     1.728     1.000    12.000     0.000     1.000     2.000  61
   413.330    29.030     1.000     0.000    87.980         *     1.000    18.000     0.006     0.994     2.000  62
   524.500    28.530     2.000     7.000    91.460     1.667     1.000    15.000     0.000     1.000     2.000  64
   441.290    28.920     1.000     4.000    93.400     3.308     0.000    17.000     0.000     1.000     2.000  66
   492.170    27.180     2.000     6.000    93.850     2.750     1.000    17.000     0.000     1.000     2.000  67
   416.670    27.710     2.000     4.000    93.630     2.900     1.000    14.000     0.000     1.000     2.000  69
   431.710    27.340     1.000     3.000    85.410     1.577     0.000    15.000     0.011     0.989     2.000  70
   429.290    26.800     1.000     0.000    87.450     2.130     1.000    15.000     0.001     0.999     2.000  72
   410.860    28.150     1.000     5.000    82.380     3.063     0.000    16.000     0.294     0.706     2.000  73
   483.500    28.030     0.000     3.000    95.360     2.104     0.000    16.000     0.000     1.000     2.000  78
   507.290    27.120     3.000    12.000    88.160     1.150     0.000    13.000     0.000     1.000     2.000  79
   464.290    26.970     1.000     4.000    90.610     1.358     1.000    15.000     0.000     1.000     2.000  84
   477.860    27.570     1.000     5.000    92.520     1.852     0.000    14.000     0.000     1.000     2.000  87
         *         *     2.000    11.000         *         *     0.000    13.000     0.113     0.887     2.000  91
   384.570    29.690     2.000     8.000    90.920     5.860     0.000    15.000     0.001     0.999     2.000  92
   468.290    30.270     1.000     5.000    97.010     1.450     0.000    15.000     0.000     1.000     2.000  93
   445.830    27.260     1.000     3.000    92.980     0.017     0.000    14.000     0.000     1.000     2.000  94
   476.000    27.420     1.000     0.000    94.880     4.172     1.000    13.000     0.000     1.000     2.000  95
   524.290    27.490     1.000     7.000    94.640     3.467     1.000    17.000     0.000     1.000     2.000  96
   489.500    29.430     1.000     6.000    92.790     1.367     0.000    15.000     0.000     1.000     2.000  97
   413.570    27.990     2.000    13.000    90.600     0.908     1.000    16.000     0.001     0.999     2.000  98
         *         *     2.000    11.000         *         *     0.000    18.000     0.300     0.700     2.000 102
   424.170    27.790     2.000    12.000    90.310     0.663     0.000    18.000     0.002     0.998     2.000 104
   476.430    27.580     1.000     4.000    95.500     0.367     1.000    16.000     0.000     1.000     2.000 105
   485.830    26.280         *     0.000    98.320     0.717     1.000    12.000     0.000     1.000     2.000 106
   517.500    26.370     1.000     7.000    91.440     1.033     1.000    14.000     0.000     1.000     2.000 110
   442.670    27.200     1.000     4.000    92.140     1.363     1.000    14.000     0.000     1.000     2.000 112
   409.000    27.510     0.000     8.000    92.610     1.675     1.000    16.000     0.000     1.000     2.000 113
   342.140    28.140     0.000    10.000    90.710     0.942     0.000    15.000     0.001     0.999     2.000 115
   520.830    27.490     1.000     3.000    98.480     2.123     1.000    13.000     0.000     1.000     2.000 117
   385.860    27.540     1.000     6.000    81.070     0.000     0.000    17.000     0.896     0.104     1.000 118
   577.290    26.950     1.000     1.000    93.570     1.645     1.000    10.000     0.000     1.000     2.000 119
   448.860    26.600     3.000    12.000    93.400     0.457     1.000    14.000     0.000     1.000     2.000 120
   435.830    26.880     1.000     1.000    86.090     1.983     0.000    14.000     0.003     0.997     2.000 121
   593.170    26.530     1.000     2.000    94.060     1.617     1.000    13.000     0.000     1.000     2.000 122
   507.500    27.220     1.000     7.000    90.390     1.467     0.000    12.000     0.000     1.000     2.000 123
   539.170    26.600     1.000     4.000    95.960     0.067     1.000    11.000     0.000     1.000     2.000 124
   597.140    26.600     2.000     6.000    93.530     1.925     1.000    11.000     0.000     1.000     2.000 126
   455.500    26.310     3.000     8.000    82.390     1.147     1.000    13.000     0.221     0.779     2.000 127
   436.290    27.650     1.000     1.000    96.800     0.995     1.000    15.000     0.000     1.000     2.000 129
   500.000    27.140     2.000     7.000    88.860     2.875     1.000    14.000     0.000     1.000     2.000 131
   534.290    26.280     2.000    10.000    89.770     2.493     1.000    11.000     0.000     1.000     2.000 132
   430.620    28.260     1.000     4.000    95.560     1.228     1.000    15.000     0.000     1.000     2.000 133
   388.430    27.700     2.000     9.000    96.020     2.175     1.000    15.000     0.000     1.000     2.000 134
   445.140    27.360     3.000     8.000    85.200     3.083     1.000    15.000     0.036     0.964     2.000 135
   395.830    27.700     1.000     0.000    79.280     2.017     0.000    16.000     0.911     0.089     1.000 137
   517.860    26.510     2.000     3.000    88.490     3.700     1.000    17.000     0.000     1.000     2.000 138
   408.500    28.290     1.000     1.000    97.680     4.067     1.000    15.000     0.000     1.000     2.000 139
   424.170    27.060     1.000     6.000    94.950     1.167     1.000    14.000     0.000     1.000     2.000 140
   489.710    26.670     1.000     0.000    95.070     1.178     1.000    13.000     0.000     1.000     2.000 142
   477.860    27.480     2.000     0.000    86.770     2.575     0.000    13.000     0.001     0.999     2.000 143
   539.670    26.720     2.000     2.000    95.290     1.883     0.000    13.000     0.000     1.000     2.000 146
   504.860    27.600     2.000    11.000    96.270     2.312     0.000    13.000     0.000     1.000     2.000 149
   446.670    26.880     2.000     7.000    79.380     0.250     1.000    15.000     0.871     0.129     1.000 151
   480.000    27.710     2.000    14.000    88.340     3.300     0.000    15.000     0.000     1.000     2.000 153
   511.860    26.490     2.000     4.000    91.670     1.503     1.000    14.000     0.000     1.000     2.000 154
   377.000    28.520     2.000     7.000    90.790     3.250     1.000    16.000     0.001     0.999     2.000 155
   528.330    27.780     2.000     0.000    86.040     1.333     1.000    15.000     0.001     0.999     2.000 158
   512.500    28.350     1.000    10.000    96.810     1.883     0.000    16.000     0.000     1.000     2.000 161
   542.860    27.110     1.000     3.000    97.410     2.482     0.000    12.000     0.000     1.000     2.000 163
   483.500    26.780     2.000    13.000    90.940     2.117     1.000    16.000     0.000     1.000     2.000 164
   435.830    27.120     2.000     8.000    93.680         *     1.000    15.000     0.000     1.000     2.000 165
   504.500    26.550         *     0.000    92.200     0.027     1.000    11.000     0.000     1.000     2.000 166
   517.500    27.240     1.000     4.000    91.570     0.650     1.000    15.000     0.000     1.000     2.000 167
   385.830    28.030     1.000     4.000    91.620     2.650     0.000    18.000     0.000     1.000     2.000 168
   502.670    27.400         *         *    95.470     1.143     0.000    14.000     0.000     1.000     2.000 170
   511.570    27.260     2.000     3.000    91.260     1.133     1.000    16.000     0.000     1.000     2.000 171
   414.620    26.700     1.000    15.000    74.790     1.587     1.000    16.000     0.999     0.001     1.000 172
   569.500    25.880     2.000     5.000    92.440     0.003     0.000    17.000     0.000     1.000     2.000 173
   399.830    27.570     2.000     4.000    95.160     2.003     1.000    14.000     0.000     1.000     2.000 174
   601.670    27.740     2.000     0.000    87.970     0.017     1.000    11.000     0.000     1.000     2.000 175
   426.670    26.290     2.000     0.000    87.930     1.000     1.000    14.000     0.002     0.998     2.000 177
   467.500    27.270     2.000     8.000    90.900     2.750     1.000    17.000     0.000     1.000     2.000 178
   445.000    27.000     2.000    12.000    92.610     3.300     1.000    16.000     0.000     1.000     2.000 180
   445.710    28.250     2.000    12.000    91.080     1.507     1.000    17.000     0.000     1.000     2.000 183
   460.330    26.310     0.000    10.000    94.620     0.250     0.000    15.000     0.000     1.000     2.000 184
   505.500    27.150     1.000     5.000    95.800     0.361     0.000    17.000     0.000     1.000     2.000 185
   415.620    26.890     2.000    14.000    85.320     2.900     1.000    15.000     0.045     0.955     2.000 188
   391.430    27.210     2.000     8.000    73.070     2.567     1.000    13.000     1.000     0.000     1.000 192
   369.170    28.140     2.000     8.000    97.250     3.733     1.000    14.000     0.000     1.000     2.000 197
   547.290    27.610     2.000    10.000    84.740     1.905     1.000    16.000     0.002     0.998     2.000 198
   475.830    27.400     2.000     6.000    94.690     0.100     0.000    15.000     0.000     1.000     2.000 199
   479.170    27.720     1.000     3.000    93.280     3.700     0.000    16.000     0.000     1.000     2.000 201
   440.500    27.700     1.000     7.000    94.320     0.110     0.000    13.000     0.000     1.000     2.000 202
   433.500    27.870     1.000     1.000    95.440     0.433     0.000    15.000     0.000     1.000     2.000 203
   428.330    27.800     2.000     9.000    92.130     1.183     1.000    17.000     0.000     1.000     2.000 204
   491.140    26.670     2.000    10.000    85.220     1.547     0.000    15.000     0.006     0.994     2.000 205
   471.670    26.760     1.000     5.000    92.020     0.683     0.000    13.000     0.000     1.000     2.000 206
   510.670    27.530     1.000     2.000    96.670     2.187     0.000    14.000     0.000     1.000     2.000 207
   567.830    27.830     2.000     1.000    95.840     2.273     0.000    16.000     0.000     1.000     2.000 210
   338.710    27.970     3.000    15.000    79.590     1.811     1.000    15.000     0.998     0.002     1.000 211
   534.330    26.170     1.000     7.000    85.990     3.800     1.000    12.000     0.000     1.000     2.000 212
   434.670    27.720     2.000     0.000    94.830     0.550     1.000    16.000     0.000     1.000     2.000 213
   476.000    27.120         *    14.000    96.870     1.250     0.000    15.000     0.000     1.000     2.000 215
   486.500    26.280     1.000    11.000    93.400     0.650     1.000    15.000     0.000     1.000     2.000 216
   462.670    28.320     1.000    12.000    91.170     1.827     1.000    16.000     0.000     1.000     2.000 218
   520.670    26.850     1.000     8.000    93.500     0.617     0.000    12.000     0.000     1.000     2.000 219
   389.170    27.530     2.000     8.000    89.550     0.417     1.000    17.000     0.007     0.993     2.000 225
   496.670    27.030     1.000     4.000    87.680     1.913     1.000    13.000     0.000     1.000     2.000 226
   524.330    27.010     0.000     5.000    96.230     4.133     1.000    17.000     0.000     1.000     2.000 227
   476.670    27.390     2.000     9.000    90.450     3.167     1.000    15.000     0.000     1.000     2.000 228
   488.570    27.310     1.000     8.000    84.750     2.057     1.000    14.000     0.003     0.997     2.000 229
   455.000    26.890     1.000     9.000    87.540     2.733     1.000    14.000     0.000     1.000     2.000 230
   454.170    27.500     1.000     8.000    95.510     1.550     1.000    16.000     0.000     1.000     2.000 231
   455.000    27.600     2.000    12.000    90.400     2.650     0.000    16.000     0.000     1.000     2.000 232
   425.710    27.730     1.000     5.000    88.160     3.425     1.000    15.000     0.001     0.999     2.000 233
   498.330    27.090     2.000     2.000    91.710     2.393     1.000    13.000     0.000     1.000     2.000 234
   526.000    26.300     1.000     2.000    95.080     0.110     1.000    15.000     0.000     1.000     2.000 235
   472.330    27.320     1.000     6.000    97.720     1.383     0.000    13.000     0.000     1.000     2.000 236
   433.140    27.850     1.000     3.000    95.530     1.100     1.000    15.000     0.000     1.000     2.000 237
   498.330    27.310     1.000     5.000    94.720     4.267     0.000    18.000     0.000     1.000     2.000 239
   430.170    28.790     1.000     6.000    97.170     4.627     0.000    17.000     0.000     1.000     2.000 244
   397.500    27.120     1.000     6.000    93.690     0.217     1.000    18.000     0.000     1.000     2.000 245
   483.330    27.550     2.000     3.000    93.100     2.530     1.000    13.000     0.000     1.000     2.000 248
   547.000    27.700     2.000     5.000    94.570     4.363     1.000    14.000     0.000     1.000     2.000 249
   352.500    27.330     2.000     9.000    81.290     0.050     1.000    13.000     0.949     0.051     1.000 250
   534.330    26.780     2.000    11.000    96.290         *     0.000    15.000     0.000     1.000     2.000 251
   492.170    26.690     2.000     5.000    95.710     0.078     1.000    12.000     0.000     1.000     2.000 253
   396.140    27.780     2.000     3.000    96.240     0.527     1.000    17.000     0.000     1.000     2.000 254
   560.000    26.700     1.000     2.000    94.760     0.150     1.000    10.000     0.000     1.000     2.000 258
   317.500    27.950     1.000     2.000    87.730     0.333     1.000    18.000     0.138     0.862     2.000 259
   477.860    26.610     2.000     5.000    79.210     1.533     0.000    15.000     0.614     0.386     1.000 260
   554.170    27.600     2.000    11.000    94.830     3.550     0.000    17.000     0.000     1.000     2.000 261
   496.830    27.810     1.000     0.000    95.150     2.000     0.000    12.000     0.000     1.000     2.000 262
   489.170    27.920     1.000     8.000    97.800     0.697     0.000    15.000     0.000     1.000     2.000 263
   482.000    28.060     1.000     0.000    96.980     4.167     0.000    13.000     0.000     1.000     2.000 264
   501.000    27.390     1.000     5.000    92.140     1.300     1.000    15.000     0.000     1.000     2.000 265
   473.570    27.140     1.000     7.000    85.570     0.932     0.000    13.000     0.002     0.998     2.000 267
   440.120    28.430     1.000     9.000    94.220     1.706     0.000    14.000     0.000     1.000     2.000 268
   414.290    28.140     3.000     0.000    74.420     1.442     0.000    17.000     1.000     0.000     1.000 272
   376.670    27.260     2.000     7.000    71.670         *     0.000    15.000     1.000     0.000     1.000 273
   467.290    27.090     1.000    10.000    83.570     1.770     0.000    17.000     0.040     0.960     2.000 275
   511.670    27.450     2.000    13.000    90.360     5.217     1.000    18.000     0.000     1.000     2.000 276
   542.430    26.910         *     4.000    92.560     1.838     1.000    16.000     0.000     1.000     2.000 277
   420.570    26.170     2.000     3.000    89.990     1.685     0.000    11.000     0.000     1.000     2.000 278
   385.000    27.970     2.000    12.000    84.870     3.300     1.000    15.000     0.178     0.822     2.000 279
   393.330    27.800     1.000    10.000    89.000     2.937     1.000    17.000     0.002     0.998     2.000 282
   488.330    28.180     2.000    13.000    85.110     1.423     0.000    17.000     0.023     0.977     2.000 284
